-0.11424339999999999
0.057025199999999998
0.18474160000000001
0.069364400000000007
-0.022738600000000001
0.1062554
-0.20405400000000001
-0.050264200000000009
-0.064288800000000007
-0.31937000000000004
0.085327800000000009
-0.13631080000000001
-0.055646799999999996
0.1169808
0.11206179999999999
-0.12384000000000001
-0.23025799999999999
-0.17210880000000001
0.1284428
0.040336400000000001
0.011159000000000001
0.01248734
-0.25644
0.17079279999999999
0.16017380000000003
0.11695700000000001
-0.27682800000000002
-0.38825200000000004
-0.028308800000000002
0.0369962
-0.1166272
0.096951400000000007
0.17267500000000002
0.25980400000000003
-0.0027153200000000002
0.22002600000000003
-0.039764600000000004
0.17909520000000001
0.035471200000000001
-0.12271660000000001
-0.30461800000000006
0.12092940000000002
0.32185800000000003
-0.057727799999999996
0.35060000000000002
-0.12751120000000002
-0.057142999999999999
0.11151460000000001
-0.035213600000000005
0.01296302
0.086418600000000012
-0.34528000000000003
0.23962800000000001
0.033172200000000006
0.38733200000000001
-0.079529600000000006
0.071290800000000001
0.31199200000000005
-0.14553780000000002
0.052682600000000003
0.025861600000000002
-0.2041
0.066302600000000003
0.37270000000000003
0.057282400000000004
-0.339478
0.0099812000000000008
-0.17560620000000002
0.0314428
-0.25757599999999997
-0.029601000000000002
0.088591400000000001
-0.1802214
0.35151200000000005
-0.22759399999999999
-0.10228360000000002
0.0324874
0.16711300000000001
-0.17393160000000002
-0.034134600000000001
0.1257192
0.15058560000000001
0.070370799999999997
-0.10726960000000002
0.10829860000000001
0.23727800000000002
0.17741560000000001
0.022820400000000001
-0.030326599999999999
0.011856120000000001
0.24536400000000003
-0.46594000000000002
0.151837
-0.10452220000000001
-0.18840280000000001
-0.1281882
0.111052
-0.10529620000000001
0.0779918
0.20122000000000001
0.28104400000000002
-0.12504319999999999
-0.41374000000000005
-0.081942200000000007
0.25591599999999998
-0.09370980000000001
0.068676400000000012
0.047999199999999999
0.17033900000000002
0.1940894
0.059995400000000004
0.023156
-0.14258080000000001
0.22969600000000001
0.0059561800000000002
0.15123580000000003
-0.14921960000000001
-0.17661100000000002
-0.040289400000000003
0.16929320000000003
0.25154000000000004
-0.1343896
-0.38318000000000002
0.12121800000000001
0.25535600000000003
-0.11601440000000002
0.26447400000000004
-0.1041318
-0.094416
0.063347000000000001
0.022140400000000001
0.037596800000000007
-0.089923200000000009
-0.20182600000000003
0.077209200000000006
-0.23727999999999999
0.15479160000000003
0.14765219999999998
0.14594460000000001
-0.18631
0.33338400000000001
-0.092373000000000011
-0.27056399999999997
-0.10225900000000002
-0.16799340000000001
-0.45528800000000003
-0.050475400000000004
-0.2127
-0.077336200000000008
-0.1293504
0.081071000000000004
0.44525199999999998
-0.096420600000000009
0.0045164200000000002
0.34399600000000002
-0.025261600000000002
-0.070703800000000011
0.094292200000000007
0.100244
0.157219
0.40211600000000003
-0.32868200000000003
-0.12976700000000002
0.029803000000000003
0.061677800000000005
-0.17464900000000003
-0.24639800000000001
0.042334000000000004
0.072026000000000007
-0.39524800000000004
0.00085377200000000004
-0.1764066
0.27170800000000001
-0.012614780000000001
0.063236600000000004
-0.34944799999999998
-0.099318400000000001
0.15021640000000003
-0.46365600000000007
0.52986600000000006
0.12380780000000001
0.24578800000000001
-0.24409200000000003
0.1039326
0.023344799999999999
-0.084539200000000009
0.26850999999999997
-0.015203820000000002
0.15170820000000002
0.093025200000000002
0.18494840000000001
-0.11566360000000001
0.055051799999999998
0.11100000000000002
0.32157400000000003
-0.1685352
0.26367800000000002
0.29074
-0.19975480000000001
-0.024703600000000003
-0.037871800000000004
0.28616799999999998
0.131915
0.24584000000000003
0.084001400000000004
-0.09136720000000001
0.11141680000000001
-0.24803799999999998
-0.039268200000000003
-0.1451018
-0.23178800000000002
0.1181548
0.055184999999999998
-0.11052780000000001
0.1738904
0.12421420000000001
-0.035735800000000005
-0.078284400000000004
0.19728540000000003
0.042207600000000005
-0.161496
-0.0530114
0.15003359999999999
-0.092200800000000013
-0.303624
0.25140400000000002
0.076039599999999999
-0.082681800000000014
-0.1508902
0.1730362
-0.19022500000000001
-0.0612452
-0.032876800000000005
0.23926
-0.078441200000000003
-0.29100600000000004
0.1330326
0.027846599999999999
-0.014788920000000001
-0.099635399999999999
0.60758000000000001
0.088532200000000005
0.108821
0.19442120000000002
-0.063171400000000003
0.027682400000000003
0.030031200000000004
-0.175376
-0.1156298
0.31834000000000001
-0.083664799999999998
0.183113
-0.0624358
-0.284194
0.24268800000000001
-0.29516000000000003
-0.094003800000000012
0.038690000000000002
0.096712400000000004
-0.32517000000000001
-0.23612000000000002
-0.20434600000000003
0.055951799999999996
0.17919280000000001
-0.09177840000000001
-0.029573600000000002
-0.068258799999999994
0.21126200000000003
0.16858480000000001
-0.046684799999999999
0.051481400000000004
-0.25242399999999998
0.33473000000000003
0.0090768800000000007
-0.225466
-0.14726840000000002
0.060800800000000002
-0.15108240000000001
-0.16151400000000002
-0.052064800000000001
-0.16330800000000001
0.112702
0.23143400000000003
0.209758
-0.1208438
-0.1996646
0.26799200000000001
0.28879000000000005
-0.087356400000000001
0.00094810800000000002
0.062740799999999999
0.28349600000000003
0.034786400000000002
0.15513480000000002
-0.1402128
0.0079890800000000008
-0.084283400000000008
0.12245360000000001
0.033667200000000001
0.28011800000000003
0.207178
-0.042867800000000005
0.041914800000000002
-0.086239600000000013
0.12376480000000001
0.025366600000000003
-0.16274100000000002
0.12880480000000002
-0.15364120000000003
-0.24177599999999999
0.087406800000000007
-0.13058980000000001
-0.10804039999999999
-0.12379279999999999
0.27571000000000001
0.24095800000000001
0.459314
0.057252800000000006
0.139017
0.0050110200000000006
-0.1054814
-0.065370799999999993
0.18107980000000001
0.1345954
0.18622280000000002
0.17123240000000001
-0.055777400000000005
-0.0302282
0.19241140000000001
0.059636800000000004
-0.032815799999999999
0.291964
0.11474260000000001
-0.11798400000000001
-0.11989860000000002
0.11254180000000001
0.29733200000000004
0.0062700800000000008
-0.0063607999999999998
0.29908800000000002
0.21667999999999998
-0.21343000000000001
0.055989999999999998
-0.15093140000000002
-0.061073200000000008
0.1755044
0.029055600000000001
0.30244599999999999
0.077309600000000006
-0.17853740000000001
-0.063848400000000013
0.072509599999999994
0.29841600000000001
0.058216800000000006
-0.373282
0.21834400000000001
0.11860599999999999
-0.0017307779999999999
-0.38247200000000003
0.25451600000000002
0.292908
-0.0095214200000000009
0.40856399999999998
-0.16016960000000002
0.076417200000000005
0.093110200000000004
-0.049890000000000004
-0.15054940000000003
0.058328800000000007
0.052285999999999999
0.13711700000000002
-0.41651199999999999
-0.39324800000000004
0.060706200000000002
-0.11383360000000001
-0.31807000000000002
-0.23075800000000002
-0.1323732
-0.18559420000000001
0.14994260000000001
-0.23496800000000004
-0.18831580000000003
0.30497200000000002
0.201076
0.025650600000000003
0.066725599999999996
0.11348160000000002
-0.29955199999999998
-0.073337799999999995
0.33041000000000004
-0.33999600000000002
0.53441400000000006
-0.13355159999999999
-0.033625000000000002
-0.21299199999999999
0.18167500000000003
0.1236994
0.19015560000000001
0.18323520000000001
0.1177762
-0.56615599999999999
0.028520600000000004
-0.091857400000000006
0.27459600000000001
0.0078235600000000002
-0.16795420000000003
0.26092799999999999
0.035432200000000004
0.1203496
0.0630748
-0.246838
0.1944882
-0.01595508
-0.07568140000000001
-0.029788599999999998
0.0023614
0.098026600000000005
-0.19803999999999999
0.1257268
0.1043188
-0.19505939999999999
0.0604798
0.36743000000000003
0.021567600000000003
-0.23733599999999999
-0.021767800000000004
-0.0461354
0.099155000000000007
-0.26325999999999999
0.0049970400000000003
-0.25518400000000002
-0.07666980000000001
0.077859400000000009
-0.20335400000000001
-0.030538800000000001
0.10093060000000001
-0.067154400000000003
-0.436504
-0.27128400000000003
0.1819508
0.034340799999999998
-0.011090800000000001
-0.15819340000000001
-0.077312800000000015
-0.0402736
0.14843300000000001
0.042939400000000003
-0.33232400000000006
0.049439000000000004
-0.17015540000000001
-0.12753140000000002
-0.26142799999999999
0.089333400000000007
-0.17315659999999999
-0.23615
0.13375000000000001
0.14304559999999999
0.37136200000000003
-0.13472139999999999
-0.12963920000000001
0.022640400000000001
-0.33016800000000002
-0.0031736800000000003
0.040864800000000007
-0.016785539999999998
0.19500300000000001
0.094275200000000003
0.44498800000000005
-0.037304799999999999
0.183473
0.20311599999999999
-0.089063200000000009
-0.15324260000000001
0.35268000000000005
0.24431400000000003
0.1263408
-0.34948600000000002
0.18971579999999999
-0.036815800000000003
0.0637548
0.023361000000000003
0.1827126
-0.18571720000000003
-0.074324399999999999
0.098309000000000007
0.16474560000000002
0.040863800000000006
0.18421680000000001
0.032323400000000002
-0.35120400000000002
-0.021405
-0.376218
-0.01386798
0.060143200000000001
-0.056259200000000002
0.26370399999999999
-0.18266960000000002
-0.19575500000000001
0.172488
-0.1813756
-0.12584820000000002
0.23607
-0.0558144
0.026272000000000004
0.036107
0.235288
0.01314796
-0.078334000000000015
-0.14314679999999999
-0.031657200000000003
0.147728
0.16363240000000001
0.28590200000000004
0.16336620000000002
0.054323800000000005
-0.082086400000000004
0.040595400000000004
-0.1734762
0.16708200000000001
0.0436116
0.21903000000000003
-0.12418340000000001
0.041476200000000005
-0.15269760000000002
0.360952
-0.049063000000000002
-0.13869039999999999
0.011643480000000001
0.36651400000000001
0.28551799999999999
-0.19072220000000001
-0.020980800000000001
0.080377000000000004
0.095714800000000003
-0.29092200000000001
-0.12110559999999999
0.062188200000000006
0.107659
0.1300586
-0.11504779999999999
0.1448092
-0.073242600000000005
-0.26152400000000003
0.18738980000000002
0.11624220000000002
0.072600800000000007
0.019950740000000002
0.1056512
-0.300292
0.079749600000000004
0.046583600000000003
0.29642000000000002
-0.25883
0.022632600000000003
-0.12990100000000002
-0.46162999999999998
-0.0011747320000000002
-0.26442800000000005
-0.23150599999999999
0.37463000000000002
0.13184720000000003
0.35789000000000004
-0.27768799999999999
-0.0078097600000000007
-0.16822239999999999
-0.17061020000000002
0.027800000000000005
-0.066494600000000001
0.24856400000000001
0.129776
0.065671400000000005
-0.067779000000000006
-0.41053000000000001
0.074334600000000001
0.024078600000000002
0.36030800000000002
-0.1847164
-0.29110999999999998
0.062655799999999998
-0.10881940000000001
0.23565800000000003
0.077231800000000003
-0.13258319999999998
-0.22223600000000002
-0.185971
0.077401400000000009
-0.15532680000000001
-0.185279
0.37729600000000002
-0.10446899999999999
-0.25994
0.084674200000000005
-0.077042800000000008
-0.09782020000000001
-0.14181820000000001
0.21123800000000001
0.10797280000000001
0.10060260000000001
0.1468206
-0.063540200000000005
