-0.043433399999999997
-0.11942759999999999
0.0095729699999999984
-0.42539099999999996
0.038746799999999998
-0.024009509999999998
0.28474679999999997
0.1820457
0.068159700000000004
0.439998
-0.01392096
0.026697599999999998
-0.1511247
-0.1424829
0.2573685
0.47250300000000001
0.060996299999999996
0.052197600000000004
0.31298700000000002
0.50119499999999995
-0.092079300000000003
0.43468499999999999
-0.22074930000000001
0.1430304
0.53438399999999997
-0.44231399999999998
-0.33567599999999997
-0.059131499999999997
-0.2561562
-0.1378614
-0.16819499999999998
0.63506999999999991
0.089894099999999991
-0.558948
0.60508799999999996
-0.600912
0.085993799999999995
-0.083887799999999998
0.070438799999999996
0.397395
0.39230700000000002
-0.43687500000000001
-0.0062582399999999991
0.015685169999999998
-0.20518409999999998
0.11572830000000001
-0.2612526
-0.15528210000000001
0.789045
0.12063839999999999
0.25813589999999997
-0.086399699999999996
-0.36207299999999998
-0.047628599999999993
0.11369609999999999
-0.39842100000000003
-0.02524092
0.068986199999999998
0.031528499999999994
-0.066096599999999991
0.41690999999999995
-0.20889240000000001
-0.77048099999999997
0.572577
-0.073839299999999997
0.073374899999999993
-0.27941189999999999
-0.57608399999999993
0.1312605
-0.49992599999999998
0.0028555199999999998
0.42990299999999998
-0.2092638
0.53159100000000004
-0.012290010000000001
0.41131799999999996
0.062012699999999997
0.087643200000000004
0.16343309999999997
-0.011436689999999999
-0.0083367600000000004
0.12525149999999999
0.10269929999999999
0.33987300000000004
-0.01572138
-0.38007600000000002
-0.14070479999999999
0.446019
-0.458727
0.40440900000000002
0.21913289999999999
-0.317133
0.27254729999999999
-0.23226059999999998
0.46354800000000002
0.65522999999999998
0.1287729
-0.1651059
-0.032935199999999998
0.00056386200000000004
0.2061018
0.16779749999999999
-0.24730859999999999
-0.0014211779999999999
-0.22397699999999998
-0.28876199999999996
-0.39602699999999996
-0.2698026
-0.30782999999999999
-0.55953900000000001
0.12375299999999999
0.01278261
-0.20156399999999999
-0.057845999999999995
0.14214449999999998
-0.311838
-0.076390200000000005
-0.38103599999999999
-0.34727699999999995
0.2342997
-0.092036099999999996
0.15808769999999997
0.10413839999999999
0.056474399999999994
0.54807300000000003
-0.36385800000000001
0.2241879
0.40797299999999997
-0.31592999999999999
0.11374499999999999
0.40828500000000001
0.1006002
-0.19013249999999998
-0.42349799999999999
0.050232300000000001
0.020532389999999998
-0.38645999999999997
0.077538299999999991
-0.0091537500000000004
0.23626169999999999
-0.10239509999999999
0.20269680000000001
-0.32559299999999997
-0.1114338
0.15543539999999997
0.096325799999999989
0.27328710000000001
-0.064460099999999992
0.18718290000000001
-0.1860648
-0.2363325
-0.38717099999999999
-0.0853299
-0.29898719999999995
0.086783100000000002
-0.316473
0.20734230000000001
-0.66148499999999999
-0.079230899999999993
-0.075855300000000001
-0.63661200000000007
-0.15563939999999998
0.28245359999999997
0.45470399999999994
-0.31325999999999998
-0.56674799999999992
-0.48438599999999998
-0.00029649780000000001
0.14217540000000001
-0.16525049999999999
0.25894200000000001
0.019236299999999998
-0.38218799999999997
-0.20700119999999997
0.2330295
-0.41053800000000001
-0.14764859999999999
-0.29714970000000002
0.30770700000000001
-0.13073760000000001
0.23048159999999998
0.21620549999999999
-0.01761441
0.044528699999999997
0.15014309999999997
-0.29285669999999997
0.20464439999999998
0.38054699999999997
-0.17389109999999999
-0.0341382
0.2066877
-0.45611999999999997
0.2213907
-0.14380229999999999
0.0058058999999999993
0.13288050000000001
-0.14807339999999999
0.32028299999999998
-0.083628599999999997
-0.14407709999999999
-0.55282200000000004
-0.14418210000000001
0.28085850000000001
-0.018686939999999999
0.281196
0.1997178
-0.037593599999999998
-0.2702484
-0.32607600000000003
-0.39833099999999994
0.095081700000000005
0.086429699999999998
0.26005020000000001
-0.31119000000000002
-0.62693699999999997
0.25453529999999996
-0.57705300000000004
0.1483971
-0.041197199999999996
0.021639719999999998
0.013695959999999998
-0.14788649999999998
-0.054719999999999998
0.01136187
-0.10418399999999998
-0.46935899999999997
0.35907899999999998
-0.20785319999999999
0.1036035
-0.13569539999999999
0.29606939999999998
0.42275699999999999
0.20209259999999998
0.2185107
0.20108939999999997
0.083829899999999999
-0.19748609999999997
-0.492066
-0.1953984
-0.50381399999999998
0.37898700000000002
0.46604699999999999
0.0928089
0.037788899999999993
0.11392919999999999
-0.87098100000000001
0.22960499999999998
0.21118019999999998
0.40994700000000001
0.15942719999999999
-0.25624379999999997
0.16321170000000002
-0.19102769999999999
0.60475199999999996
0.38282100000000002
-0.117534
-0.41611799999999999
0.20876519999999998
0.0398979
0.1078281
0.47003999999999996
0.011331719999999998
-0.076836000000000002
-0.18589319999999998
-0.33838800000000002
0.15953219999999999
0.20146800000000001
-0.0626472
0.010554659999999999
-0.28086509999999998
-0.075452400000000003
-0.19142609999999999
-0.56522099999999997
-0.59072999999999998
-0.51448799999999995
0.2551197
0.013297410000000001
0.14526059999999999
-0.1620402
-0.327324
0.067508399999999996
-0.14841750000000001
0.33024599999999998
0.058635599999999996
0.029514929999999998
0.30530099999999999
0.2086431
-0.065837099999999996
0.17441129999999999
-0.40623599999999999
-0.41745599999999999
-0.24958529999999998
0.305562
0.27662789999999998
-0.38888099999999998
0.0051373799999999996
-0.040172099999999995
-0.30532200000000004
-0.13992540000000001
-0.2117001
-0.37750799999999995
0.053115000000000002
0.31952399999999997
0.27445350000000002
0.032606400000000001
-0.019203060000000001
-0.22337099999999999
0.056533799999999995
0.307923
-0.18103740000000001
0.055237500000000002
0.20671680000000001
0.063748199999999991
0.2492289
0.27862589999999998
0.12407729999999999
0.53917800000000005
0.00049837500000000001
0.49399799999999999
0.21947699999999998
0.25664009999999998
-0.50911799999999996
0.36354300000000001
0.29311769999999998
-0.083738099999999996
0.63212100000000004
-0.51570299999999991
0.0810255
0.35395199999999999
-0.23925689999999999
-0.33475199999999999
0.071513999999999994
0.066246599999999989
0.35216999999999998
-0.036989099999999997
0.072642299999999993
0.025523399999999998
-0.25809749999999998
-0.85918499999999998
-0.28407749999999998
0.37870199999999998
-0.21701549999999997
0.1533291
0.075621599999999997
-0.2012301
0.071026800000000001
-0.097523700000000005
0.70978799999999997
0.34815000000000002
-0.13988819999999999
0.42615599999999998
-0.11927639999999999
0.26964539999999998
-0.39018899999999995
-0.41153699999999999
-0.2213571
0.082632899999999995
0.030479399999999997
0.51461999999999997
0.31245600000000001
0.59277000000000002
0.07199309999999999
0.20223659999999999
-0.71322599999999992
0.28304849999999998
0.13968990000000001
0.2880279
0.33365100000000003
-0.0425496
0.55396499999999993
-0.1095102
0.13350419999999999
0.18347819999999998
0.02220252
0.22896209999999997
0.1535445
0.30364799999999997
0.78525599999999995
-0.29516940000000003
0.078320699999999993
-0.1179837
0.096070200000000008
0.17312309999999997
0.1209867
-0.51842699999999997
-0.14208359999999998
-0.40809299999999998
0.11442869999999999
0.40447499999999997
-0.20694689999999999
0.49501800000000001
0.1578126
0.45949799999999996
-0.2718621
-0.35703299999999999
-0.068842799999999996
0.0063639899999999999
0.021246719999999997
0.074936100000000005
-0.26454719999999998
0.43171499999999996
0.032086199999999995
-0.16669110000000001
-0.057213599999999996
-0.45669599999999994
0.23418839999999999
-0.078455700000000003
-0.068338499999999996
0.19765950000000002
0.023179169999999999
-0.41538900000000001
-0.56800200000000001
-0.1146036
-0.44433600000000001
0.17981819999999998
-0.076842900000000006
0.10788749999999998
-0.22268309999999999
-0.55218599999999995
-0.49012199999999995
0.301902
-0.33629699999999996
-0.036924899999999997
-0.044127
0.080952299999999991
-0.59175599999999995
0.2029263
-0.57894599999999996
-0.23604719999999998
0.15600389999999997
0.1357536
0.22516649999999999
-0.37264199999999997
-0.0029683859999999999
0.62018999999999991
0.21497430000000001
0.26929229999999998
-0.090387599999999999
-0.568581
0.081841199999999989
-0.26812019999999998
-0.093595799999999993
-0.076955700000000002
-0.35747699999999999
-0.40192199999999995
0.22528319999999996
-0.36533399999999999
0.59337899999999999
0.070289699999999997
-0.088340099999999991
0.22440209999999999
-0.11505149999999999
-0.062173800000000001
-0.38961899999999999
-0.022171079999999999
0.36613499999999999
-0.1053555
0.46836899999999992
-0.012484799999999999
0.12176189999999999
0.43163399999999996
-0.42589199999999999
-0.060586199999999993
0.19879470000000002
-0.068951399999999996
0.56802900000000001
-0.050905199999999998
-0.053805900000000004
0.064784700000000001
0.35752799999999996
0.0094598700000000004
-0.2029521
0.58428599999999997
-0.30288299999999996
-0.24288509999999999
-0.20952600000000002
-0.2759508
0.062910599999999997
0.098623799999999998
-0.37757999999999997
0.34434599999999999
-0.50084399999999996
0.27305969999999996
0.13387979999999999
0.24315599999999998
0.42740399999999995
-0.27997499999999997
0.13687530000000001
-0.16916729999999999
0.16702920000000002
0.18856020000000001
-0.060701399999999996
-0.23269889999999999
0.14206530000000001
0.55850699999999998
0.17907719999999999
-0.22050329999999999
0.2189064
-0.17542530000000001
-0.61335000000000006
-0.27545939999999997
-0.33565499999999998
-0.50017199999999995
-0.19023960000000001
0.2546448
-0.0037907399999999999
0.019830839999999999
-0.0663942
-0.0182007
0.30911699999999998
-0.17545019999999997
0.97643999999999997
0.014386920000000001
0.097623299999999996
0.43525799999999998
-0.087845400000000004
0.20193360000000002
-0.0454542
0.28115609999999996
-0.57028199999999996
-0.28994880000000001
0.054230400000000005
-0.32914199999999999
0.1053687
0.25852710000000001
-0.62165700000000002
-0.022776480000000002
-0.2060718
-0.095620499999999997
-0.27656849999999999
0.1362294
-0.042000299999999997
-0.0050471399999999994
-0.0035471699999999997
-0.41770800000000002
0.12328409999999999
-0.044734799999999998
0.29941109999999999
-0.25704480000000002
-0.1083303
0.1231491
0.48208799999999996
0.49839599999999995
0.34538999999999997
0.2245857
-0.43237799999999998
-0.68827499999999997
-0.37569899999999995
-0.043790699999999995
0.15769979999999997
0.40915499999999999
0.1547355
0.15968369999999998
0.0059300999999999998
-0.30495
-0.42801600000000001
0.34953000000000001
0.470499
-0.074145000000000003
0.020535629999999999
0.083102999999999996
0.11735639999999999
-0.15581279999999997
0.091338899999999987
-0.35081099999999998
-0.48866399999999999
-0.11182559999999998
-0.36611099999999996
0.1825068
-0.47630399999999995
0.1903782
0.19436009999999998
-0.037140899999999998
0.27502529999999997
0.35981999999999997
0.36095399999999994
-0.40505099999999999
-0.21730559999999999
-0.30017999999999995
-0.17308080000000001
0.017638890000000001
0.14528369999999999
-0.1090839
-0.28729769999999999
0.25299869999999997
-0.51104699999999992
-0.58468799999999999
0.10051919999999999
0.18606689999999998
-0.43495500000000004
-0.054026699999999997
-0.1150089
-0.1594875
0.017075159999999999
0.42774299999999998
0.25867800000000002
0.038377800000000004
-0.1491672
0.23938679999999998
0.31997400000000004
