1.1592084442982
1.4344585519500002
1.421426636858
0.96166459178520003
0.92067625799020014
0.92029092398560008
0.96806595027400011
1.2532676440844002
1.3269740087100002
1.0390986209108002
1.320645499436
1.1995532766958001
1.0931393187002001
1.1429754239430001
1.3567505927360002
1.1654027576502002
0.40924217965600018
0.93860760229160012
1.1505932791152
0.88570054052900016
1.0631929448814601
0.7925824162720001
1.2569870012178002
1.053078001814
1.2824848654260002
1.0134586794328
1.111144364254
0.94533294807780011
1.0066349233038001
1.246227470405
0.70889528320000017
0.94415479308640005
1.202996147628
1.1288955026030001
1.0990055975762001
0.90641421361320007
1.1403315512702001
0.84992028656400009
1.2304115224550001
1.108274062589
1.107349601793
1.165902690712
1.5048283373340001
1.0891858642362
0.92839060642060012
1.1156241649454002
1.1302608928570002
1.4233096399540002
0.90394032244160005
0.777073201858
1.1147650980352002
1.314919806764
0.91211051098800011
1.2227018602314002
1.2068390502134001
1.0320952978576001
0.79727075316600016
1.1747579174888001
1.3649301536960001
1.431440208752
1.1639947655162
1.0442666762745401
1.177150652079
1.06042424870026
1.0978787778502002
0.88804279189140012
0.85450595292720011
0.82326642034200015
0.97706857955560011
1.1796922802398
0.98979738227140013
1.1860974728978
1.246834547195
1.3766989230460001
0.96194682924020003
1.0994205398874
0.9101028973930001
1.49559224975
0.93725563162980008
1.1624123186836002
0.68290600630600007
1.2677478100870001
0.70524856227200017
0.89671546961240012
1.6216852941740001
0.90530017445120015
1.6486970161880001
0.97288294484560012
1.05185247353204
1.393871740874
0.88859959846300007
0.84945379597800008
1.1311073922126
0.68456747962600006
0.97479917740800004
1.1878535223914
1.0263257252492002
1.5230662021620001
0.77480039156000013
1.1072550256194
1.1293289767320001
1.1310988718366
1.0163409096242
0.93849492031900006
0.79648474848000017
1.4203317685420001
0.83822181031600007
1.1721093586092
1.1775830611610001
1.1562369631682001
1.0355877999800001
1.0508088339767401
1.354203000312
0.86329599882760011
0.98004240378900009
0.80436183609200018
0.83817281815400002
0.74070610699600015
0.99361749285100009
0.86334520399900017
1.0229778565094001
1.3218852141440001
0.96249873659560004
0.82654889519600006
1.0212492852284001
1.0123650891732001
1.2552168931038001
0.97944832057240006
0.98574338737060008
1.2467354978240002
1.0805206631451401
1.3954948725020002
1.0281863623582002
0.84971153735200011
0.80629809153800003
1.1567028147260001
1.0933101522390001
1.2178725111146
1.21207673835
1.0158103032088002
1.0822484675923001
0.96667073870400011
1.2034637032610001
1.1256283644258001
1.1390875763742001
1.4706701499500001
1.1783369014276002
1.3851277050040001
1.0688888801402801
0.90065827360640005
1.0796326056556
0.82821675879800005
0.96429078467780005
0.82908796724400013
1.0024132900052001
1.2395364191322
1.0317572519398002
0.90324569878820005
1.5080809908720001
1.0921420086894
1.1109875893356
0.91710238627700003
0.82793132620200005
1.3229630417080001
0.99943137141460003
1.0790221846180201
1.301308506104
1.316873102962
1.0666468582209561
1.1463961418976001
0.68721092628000013
0.68966266447400004
0.84045840901600011
1.1793476310306001
0.90071152595640003
1.401627413128
0.59303095016400009
1.329683488278
1.7369830222060001
1.0310023466262002
1.2048559326994002
1.2150903953412
1.4845903142400001
1.1845256765352001
1.1818383499448
0.99033097081840005
0.86749611817680006
1.1662130454078001
0.6900290406420001
1.0954053126974002
1.224661333702
1.1551154686772001
1.1854335225980002
1.226094886964
0.81421352084200005
0.90029743568280007
1.2830727713700001
0.80855386108400007
1.0255965940730001
0.97158656963720014
1.1634569167812001
1.0044321930984002
0.79823355565400012
0.68763268489200013
0.99274905352720011
0.56958926569400004
1.0248395586654
1.0082627411386
0.76699146695600007
0.60551756119200006
1.1450218052488002
0.99006705217180002
1.2149287212066
1.555205060434
1.0036212663126001
0.70268605919000016
1.30607778657
0.98587843533020003
0.95194710295720009
1.436799525256
1.282829940654
1.281896959482
1.1347274869656001
1.3583652039880001
1.1251927602028
1.2561698971594
1.5325493806500001
1.1641317305604
1.2507888536966001
0.84775611106000004
1.3636052352280001
0.87923804834240005
1.1131835032402
0.92337785621040003
1.2401722521912
1.2024048335335999
0.72034666854400009
0.66541580447200011
1.3227031702400001
1.1242757547358
0.64621726725000017
1.3294150964339999
1.2212018480366
0.9942139191710001
0.78100748547600007
0.95670871508480015
0.9653894871630001
1.3080502536140002
0.87137097217220005
0.99241782391020006
0.72416379699200006
1.0593273567949602
1.1970619187534002
0.68301677119400006
0.85990552820780009
1.1400356812136001
1.3306207296379999
1.427603909458
1.2305889592852002
1.4172133109260001
1.1095397644438001
1.2235421823144002
1.0411087906186001
0.87989092215340015
0.70341455133800013
0.88568371278640012
1.1488845177084002
1.2397317487520001
0.85769193452300008
0.76160871941800012
1.0921143174674002
0.86098633790340007
1.1539566975412001
1.0210322286498001
0.86555773263680003
0.99089544572840005
0.73684211648000009
0.91994350565420002
0.89412484928960012
0.89110032881900003
1.2626362235152
1.3835003131880002
1.07050591969944
0.87749328834700013
1.302507749026
1.0039473837040001
1.3474463421439999
0.90530379561100005
0.97352751129000015
0.8675099637878001
1.0903090628024001
1.0400426785716002
0.84382395753600015
1.355679155454
1.324978110632
1.2661434232862001
1.04703688482248
1.0692554693176801
1.0752187313735
0.9141110952728001
1.1042343393180001
0.86678487979020002
0.69074049203800003
1.294694564234
0.98176671488200007
0.62447113760400008
0.79338120152200009
1.1242282536396
0.97072196448260006
1.0469004310008401
1.520750789984
0.95307456171140004
0.84638220043000012
0.8600361029700001
1.317912588834
1.1741308178152001
0.66742874330200008
0.83292426653800011
1.0967928559290001
0.77794867049200012
1.3824842583500001
1.1645794763192001
1.0080471756258
0.89008981222540007
1.0519914621655402
1.4646952362800001
1.0716200014633201
1.4231285819640001
1.1078188615012001
1.3790398963520001
1.1521107580808001
1.1276745327222
1.133637091847
1.1395255237006001
0.8450338509280001
1.0923021917582001
0.98687276320940009
0.71340895238600011
0.86378038220320008
0.54638615175200012
1.294677523482
0.91995181302080009
1.349857608552
1.1339755637836
1.0032105841894001
1.3104316987060001
1.2150865611720001
0.79555602749600007
0.86098463382820012
1.2156067301268001
1.0058378421290002
1.0186601559714001
1.0573853713961001
1.0527779780741
0.81185763687800006
0.93788890857600005
1.2556895609624001
0.82076355989200012
1.1809060078010001
1.2262537919764001
0.7129552423640001
1.1755398749962001
1.1506045686134001
1.0841015215666601
0.75124368201400005
0.78279250424800007
0.73803709921400007
1.0079990355014001
1.2188583186178001
1.05059872150458
0.68319995927800004
1.1287802645176002
0.85060617683200013
1.3504902464700002
0.82413123850600001
0.78044088047200011
0.93445370598220001
1.1837343466142001
1.4296892714839999
1.1307665771726001
1.1602040502338
1.0371632175024001
1.1129313001106
0.87311786226160004
0.86878312097160004
1.2645047419720001
1.1325026037826
0.84022835886400005
0.88109485128220011
0.98148958965260014
1.2006144895266
1.0904990671872001
0.90581416613340004
1.06988501859938
0.97498066141680007
1.3439955898640001
0.75346537005600012
0.99848369259400005
1.0189583691314001
1.2184150460564001
1.1276773018444
1.0943977782354
1.0284100222282
1.308077944836
1.122084527038
1.1599252209292001
1.1968325076296
1.1692931613318001
0.72774022481800005
1.336316600994
1.1579621262988
1.1990586688690001
1.0053920134548
0.9636771045964001
0.87710156406040007
1.1633514771282001
0.95253266579780005
1.0262535150626
0.69349470358000009
1.0994701710776
1.0705920820017401
1.07622558420542
1.466733736238
0.82399278239600005
0.86734701159680005
0.63856170941400014
1.0642625758437481
1.1438300176558001
1.0347419396526001
1.1935097739990002
0.6816130392480001
1.0461217112363201
1.4437287210380001
1.3105595043460001
1.4350592384580001
0.87453224467760005
1.2287585695110002
0.76701276789600015
1.1543494868748001
0.76577731337600008
0.95236566642820009
0.98821323136360006
1.1511379441510001
1.1653333165858
1.3875773131040001
0.98497058926740011
1.1610737676140002
1.1454116124508
0.87974351964860009
0.78555736626000006
0.7932959977620001
0.96421005411520011
1.1580897189294002
1.1487273167712
1.1626004059838
0.90482878464900007
1.1754257019578001
0.99638640204160012
0.83187413019600009
1.0432714750568002
0.78718901826400001
1.0198513045362001
0.84484001237400008
1.2151404525502001
1.2318697848074001
1.336158974038
1.2016495022012001
1.2030547252130002
1.181522670014
0.95058980706040008
1.1367875008730002
1.0967947730136001
1.1364767201584001
1.2485652485700001
1.1219011259446001
1.2516117090088001
1.1871676321234002
1.1703720539428
1.3383934426440001
1.2498671620228001
0.83873729306400002
0.86512787966760007
1.2945326770900001
1.0981582461830002
0.95432386184240003
0.61568236976000013
1.356669649164
0.99493921617800007
1.4441845611540001
1.2060332356532
1.5571498362559999
1.4630337629600001
1.29418121158
0.87400525942200014
1.2925303887300001
0.78073057325600015
1.1643385626878
1.1811209342856002
1.5410867974019999
1.0541251560244
1.2237786227484
0.84409660956800003
1.4699203568620001
1.2280846077694001
0.81042834380400008
1.373691230318
1.0031626570744001
0.89196301688900004
1.0021076215162001
0.85042298874800015
1.1056340240854001
1.0147838109102001
0.88403523303980003
1.2275499541754
1.2163394824628
1.3812871455220002
1.2290672201316
1.2037116462026001
0.98856022367620011
1.0106152169522
1.2092758777494002
0.93716062943740008
1.1205521374144001
0.84848034302000008
1.0463499721093601
0.79612476259400011
0.83275811920600007
1.1709476053416001
0.6740661162060001
1.2392277685116
1.0612282739815
0.7296317482900001
0.63631659033800014
0.97985048231960015
1.2625420733604
1.2541673957900001
1.1332053217932001
0.70167639463400011
1.4884841260720001
1.4988299926300002
1.08449526944256
1.1859140718044001
1.1766309091430001
1.1607827967736002
1.0071252709426002
1.0082250384748002
1.0810883757980201
0.8973110438948001
0.94410750499960006
1.3366872373500001
0.88360324997660011
1.1664041148396
0.63556466715600013
1.3756849983020001
1.3704044952759999
1.0717305959438002
1.0873967982856001
1.2220513295238
1.1359574032412001
1.1778819133492
1.3690327147400001
1.08548586965726
0.85752749126620009
0.90384766335260003
1.3075156000200001
1.5102558168460001
1.034542988873
0.79421193818200009
1.1040903449636001
1.3722874983720001
0.97296005424840004
1.3655883527420001
0.99732811659900011
1.05287417311914
1.3392199191160001
0.95105757570280014
1.3409112137520001
1.3160146750799999
1.063632462087138
1.06000817743924
0.7543685299120001
0.77991474725400012
0.86725115736680003
0.9629920663660001
1.3285651889280001
0.80430858374200009
0.45388255961400004
1.2574168541870001
1.1227776596256001
1.504958273068
1.0298086419486001
1.0274491368248
1.1751707297060001
1.1631497572264
0.93918230165280003
1.1106802167714001
0.7163101404140001
1.2253340173872
1.064536972422734
0.96269577029060005
