1.2246759051657639
1.0106537840982659
0.86329563821918343
1.1758382633044338
1.03422651961583
1.2670715899571334
1.0770152563560942
1.1056039460916132
1.1938182992645057
1.1896550630310565
1.0340676262747874
1.0581029115546603
1.1785705943504912
1.1258531865900943
1.0775726807267569
0.98007953318232222
1.287168281313307
1.3274827805469567
1.1061628123256246
0.89057684626997169
1.1782663611838853
1.3073832054640855
0.95219862532748323
1.1127152161281069
1.0392591994486315
1.0725645125708856
1.1271644171195321
1.2250484826551049
1.1136711715283896
1.0508310179411058
1.2342273847338394
1.0820427454808399
1.0833205247805846
1.1076744618605516
1.033595848587046
1.1265925741153808
0.94291761048638389
0.90094269025747353
1.0949263712480914
0.97261774616572494
1.3260091962044391
1.0846006110616873
1.0255476557464744
0.94538218750856107
1.0677336936069222
1.1378515082611562
1.1512242140763351
1.183272510731068
1.1141576562222892
1.1213165077492946
1.0306443543119646
1.2037189981356708
1.0653647121247731
1.1287063457847846
0.72326302327023262
1.1538184146135735
1.0563879592875465
1.0500232860930838
1.0587234895400024
1.2156019707388253
1.2279754652532562
0.93061606495306026
1.0612092619534077
1.1875753193366854
1.0553714456266123
0.98439857716924739
1.0560629632887173
1.0424742663438815
1.1254183206040831
1.0008370016740034
1.1338264025365261
1.0045027950521017
1.183454473885692
1.0730204297617898
1.1370979904750509
1.2336206486366461
1.0681149222763562
1.0763834318366312
0.86303552607105216
0.97652730096157869
1.1034645092546
1.0931384606955261
0.99136915018016092
1.2072645401104756
1.165990625004506
1.0166553961014899
1.0879806271240451
1.0457966078722856
1.0769160561576938
1.0706693273851664
1.2318575381336809
1.2119347354973782
1.1339512679025359
1.0183302645675059
1.0573672728740806
1.164554817481728
1.0739544688391702
1.0885022932836563
1.0763110502965192
1.0948355338571143
1.1161024415072087
0.99297509757810221
1.3194429505138081
1.1381231553160782
0.99268960863503131
1.1244958164334935
0.95834451882857263
1.1652869956902705
1.0120192286896201
1.1269789934928709
1.0549273517151687
1.1371034695557765
1.1064950176411981
1.0303868375178611
0.99809832642921104
1.1311327134282176
0.87109208171904728
1.1077892341831197
1.1254834928274509
1.0328486749996757
1.0623468921356447
1.0327168886895914
1.0884074186753026
1.074935512661723
1.1905100879969204
1.2232138557300372
1.0798638015880684
1.2989396536932609
1.024048982981687
1.3013100770387589
0.88937808108174365
1.1613956948844131
1.093492582334002
1.2816430609605407
1.2348946790916839
1.0699584887541869
1.0174074720242465
1.1759077611178479
1.1627804604446419
1.0790704883735349
1.0348303719863254
1.0433592820674014
1.1320134035616909
1.1170410945473055
1.0884841258054609
1.1128576722269725
1.2690988498256068
1.0834598087800829
1.0808131244169465
1.2138140601862599
1.0829790915395785
0.86721404605599917
1.0448198896397793
1.0444634610199455
1.1303474746484377
1.1584566006341317
1.2283924521337415
1.0010059880584878
1.057760613195645
1.0786338921515053
1.2414208409812169
1.0988548721283491
1.121120414333852
1.0873684119461262
1.1849992862776424
1.12299224133332
0.94503818775079418
1.0502859935952431
1.2155353566521088
1.1146793223819007
1.1495006106291283
1.1191877407010629
1.2425056989648864
1.0676137305762985
1.0640456955332516
1.1572474540297919
1.1892343273058641
1.1712421796936618
1.1298292689608636
1.1065691294173288
0.93829684217507969
0.89462617529886235
1.1893133414173807
1.0519796062847941
1.0213169403082993
1.2307539359264765
1.1675518746386331
1.3144714056869975
1.0264320947246546
1.2235558657163828
0.91609552056313426
1.2216632758846915
0.90421889215871465
1.1666556123809924
1.0916043180923571
1.1178147984202946
0.98960892340389339
1.1384772769545539
1.2257607631494334
1.1600507247526124
0.96094015257797971
0.97372440512322889
1.0390890595734681
1.0219167554614179
1.0778336579928975
1.059491714332266
1.0987934487496882
1.2212958891034063
1.0117931445165216
0.95674903359109054
1.14661976765814
1.1359704533362556
1.1209107674029302
1.1687696724230658
1.1396512420931819
1.2158358409740075
0.98419688932401128
1.0079540391638924
1.0035586629312794
0.98252236690519901
1.1291648583297167
1.0131807938034481
0.95529573049843775
1.1972828085191054
1.0214167172520392
1.2011256627164417
1.0247653006933921
1.0708861836328325
1.0812707718438694
1.0785364221891236
1.0297855805013936
1.1038122866943409
1.1951110739430781
1.0444106888213778
1.2037677331168617
1.1096544286111829
0.90274155897149011
1.0217203736733056
1.2003634937502434
0.96626244508302972
1.0146604339720309
1.2544120297542922
1.1240531643853986
0.94797261036382541
0.94748130984634071
0.92090615344021387
1.1682526202261707
1.0771706892250994
1.1633802755977607
1.0914442712606356
1.1787687063746222
1.0261636197691
1.1254754183926974
1.1743891906388464
0.89539468846379555
1.1379083176771005
1.0392871715975991
1.0606391491852751
1.0804881284181174
1.1688270585843499
1.0854308359779512
1.1278351719494137
1.0362840586146289
1.1294431379560435
1.0028189870333231
1.137529107616355
1.099158816922285
1.106314496349923
1.196368667155939
1.1835262786804643
1.1678999404510437
0.97125310901784601
1.272008530063572
1.1599414315107701
1.0923226544127507
1.1600631247774125
1.1915046853349522
1.0049990844167735
0.98050551729010438
1.0075180196872022
1.1857787576040268
0.98426572388028499
0.99982423685777611
0.98984683085645253
1.1839366329895451
1.1310384155652033
1.17619180819757
1.059364541984898
1.0970052498244531
1.0356179177474636
0.91001085723101682
1.2091395392093112
1.1663075465685817
1.2573015239053735
1.0456232958977547
1.1763423387311891
1.0903490318608544
1.1858788229204367
1.1846861135582738
1.1189674239813596
1.1501480072727588
1.0573785194082017
1.1836021206926135
1.0092228789108741
0.81472128060535187
1.1262923781661518
1.0390942502815239
0.95778102998066461
1.0505515848241
1.0331128243651837
0.99198078861274008
0.94450637087320688
1.3644954127117557
1.1289967370632417
1.1715348779534769
0.96945187564793744
1.1210566839738332
1.3105322350179585
1.128054335178438
1.0717158318037567
1.0760512265210578
1.1289696300322833
1.0028305219401137
1.0992087053941551
1.0203185941255604
1.1293563377824432
1.2290069742930185
0.97177431378118573
0.83587024383351094
1.2128177326122096
1.0019625202041103
1.1640256536327027
1.0199584166610194
1.1486104041975527
1.1627824790533303
1.2268796491081355
1.0677625308738989
0.98898027098379782
1.0818160845624019
1.0321286084432635
0.9915450575087198
1.0816041306501218
1.2776173784905711
0.98313057370300794
0.97852820356803516
1.0392857297342502
0.98211380050667085
1.1018562548753006
0.89691585429682497
1.1033307043358274
1.161514216051688
1.1856642736541287
0.98930959257267359
1.0602870461554876
1.2839154375983171
1.3574072124888437
1.1609458335195741
1.0515340705100016
1.0831924873152072
1.0469302008371459
1.0569269278073441
0.98508963343508094
1.09865416475019
1.2211779446814708
1.2430700442796236
0.84246590353645834
1.0476433464494836
1.0986135042037526
1.0537086888127265
1.0154399052984153
1.2071047816514238
1.0766294137239438
1.1358334763181155
1.0361191094475213
1.1326348466650422
1.1293243284160988
1.0384393559484795
1.3920465375814475
1.2097491590332019
1.0975606555864275
1.2497432762307386
1.1395863582424841
1.0120172100809319
1.1292637701554473
1.2285412524313422
1.0509359855929015
1.1615462254180322
1.0110427988297839
1.1078751692387105
1.198878662873605
1.2590231087438921
1.115536365956453
1.0129258723633727
1.1310735970309151
1.1549047144605917
1.1432013980307032
0.99024680374942153
1.1402689363518264
1.1452018392408878
1.0472073269727935
1.0251762317478124
1.0638542160805253
1.111067454693049
1.1387852589658669
0.90401039871847189
1.1757471375407869
1.2893281926098736
1.1112321154874869
1.196589272248312
1.0660769926191016
1.227863576657386
0.92118385632120114
1.3920811423018196
0.99046337162441778
1.1508686505745105
0.93784501987608637
1.1272096916286856
1.0318886823820159
1.1017117801677465
1.027938265178856
1.1518669967572495
1.1366556267996257
1.0800483600967203
1.0514316982122338
1.1531923575475058
1.1681940805742077
1.211008770854751
1.0915342435336035
1.1917720067998276
1.0837288604809769
0.9885500189605031
1.0179124125690113
1.0105067140366839
1.2145061545937046
0.95665464402556721
0.98049380935971187
1.0465071581305954
1.0623656363591798
1.0950679622289479
1.2429546952117161
1.0494647082317421
1.0654379587828944
1.091477434117659
1.0495039269148307
1.1963735694913251
1.1978139909768193
1.177732006626804
1.295753135692318
1.100319228545434
1.0840803867654247
1.0222181049013261
1.1920234677678658
1.1201188960517456
1.0275198364350218
0.94608097216194442
1.0895150580998838
1.3073572519238064
1.0474094762143014
1.2312695462600229
0.913417691951663
0.97148170203317163
1.0911769497957602
1.1695312646439247
1.1159167295078778
0.92480927752553188
1.2351170144200754
1.1667083845795601
0.91768474234622899
1.2606408794212938
1.1077877923197708
1.1210036234025957
1.219587569407697
1.1770722099583735
1.0409355097779964
1.1128749745871584
0.97320631478472264
0.95131404216296811
1.029963218065971
1.0380091039251846
1.1017091848137186
1.0136525714911895
1.1025642097795825
1.1038457379240341
0.97372691396545585
0.95884578262179787
1.2415944413284177
1.1597464915860065
0.97715736640775619
1.1201535007721179
0.99866411360729701
0.88294333332852715
0.93067059622491344
1.0725763358503462
1.0265318716683947
1.1119839030375736
1.101066690505474
0.95711681832665996
0.95635226970919063
1.1811993996081016
1.1245742537996706
1.0515536798515459
1.1112378829408822
1.0854233382885372
1.2514936983362339
0.96821216154060219
1.1166396797909877
1.2101828715285339
0.91792351491679736
1.0890660618530541
1.0800192344570736
1.0867161129671097
1.0984179875336495
1.0610691128359002
1.0763329666194217
1.3196015554821807
1.1181738223941564
0.90072323865577975
1.1201731101136621
1.1323392646785295
1.0869952577114457
1.0641397050235961
1.1696861207675904
1.1629719398973684
1.0921804866865548
1.0029995083245982
1.1467230050739172
1.0632500753373599
0.97100519503364602
1.1412966965468816
1.066262127873093
1.0588273037011191
0.95033487276276885
1.0842588894480116
1.2276712320866503
1.2411189147959691
0.91148328808285528
1.0864698427071273
0.96399393263902811
1.2168390894921326
0.88833820923455808
1.1927170040386594
1.1358905741067298
1.2048909446656104
1.4150702115357721
1.2080855371013068
0.8584824099880759
1.0711673469858569
1.2245816073027496
1.0767069859721117
1.1753898438029435
1.067708893557322
1.1287896854863477
1.1105077233410281
1.1649960276664741
1.1077335782578543
1.0245017280732236
1.0868490527678731
1.0586398614657695
1.1317720356370946
1.0312049507819947
0.82509721763629573
1.1383186719861813
1.0559562654009029
1.2003450378993783
1.0065245758398493
1.2772972848271278
1.0671177295842964
1.0433745658188991
1.0836683022203255
1.2034588859875395
1.1167492614054997
1.1647710969840546
1.1612728481270918
1.0251733480211147
1.0620942776769275
1.0381489646700224
1.2176779655884895
1.0601304597958034
1.1412150870813371
1.0488908466189026
1.0061522867231782
1.2208543905459905
1.1115637440577208
1.0775735458447662
0.97034141882237257
0.79939773367918843
1.1572589889365825
1.167070869025459
1.3160689902775156
0.95400404875228362
1.2339041189710287
1.142752978529213
1.0544226995430737
0.93140303396885871
0.94449342294033434
1.1111066733761374
1.1792949864969497
0.90770070377350065
1.2455676399724893
1.2133725616288442
