0.824959212
0.86320046399999995
0.883921332
0.85580208000000002
0.75810856799999993
0.86387145599999993
0.84085166759999996
0.63673259999999998
0.71301131999999989
0.87659896799999992
0.83370293159999997
0.94874135999999998
0.88976680799999996
0.74890283999999996
0.72066540000000001
0.88340221200000002
0.84597368519999994
0.840079819068
0.80290442399999995
0.89176558799999994
0.84274523759999997
0.76788919199999994
0.89565117599999999
0.74075147999999991
0.80172338399999998
0.82291616400000001
0.93498636000000002
0.78929919599999998
0.85808477999999999
0.90706299599999995
0.85353004799999999
0.93206316
0.83843058599999998
0.84174113519999993
0.79662340799999998
0.79432726799999998
0.87778832399999995
0.84799924439999996
0.87247171199999995
0.84273154559999996
0.68210435999999997
0.75083988000000002
0.80317817999999996
0.64920575999999997
0.81192568799999998
0.78988610399999992
0.76286960399999992
0.76958204399999997
0.80185921199999999
0.79760049599999994
0.80190054
0.96340355999999994
0.87809727599999998
0.65789220000000004
0.81465173999999996
0.84220217759999993
0.86811017999999995
0.86198725199999993
0.89577440399999997
1.038324
0.92205388799999999
0.7015394399999999
0.97438656000000001
0.85773021599999999
0.88575941999999996
0.89555314799999997
0.85083339599999996
0.93468647999999999
0.88141863599999992
0.92821595999999995
0.85482994800000001
0.79587345599999992
0.75049547999999999
0.89714385600000002
0.92311480800000001
0.81971761199999993
0.85733684399999999
0.69357623999999996
0.81512188799999996
0.75371687999999992
0.89820435599999993
0.93418500000000004
0.85573555199999995
0.90560651999999997
0.99863064000000001
0.91805221199999998
0.81937967999999994
0.89879193599999996
0.69013391999999996
0.92314487999999995
0.89356965599999993
0.80760380399999998
0.97338024000000001
0.78732175199999999
0.71208731999999997
0.89068450799999999
0.68965007999999994
0.77511503999999998
0.91601411999999993
0.85239302399999994
0.86970147599999992
0.796030032
0.83145123599999993
0.88834199999999996
0.88938561599999999
0.72201275999999992
0.97223700000000002
0.87506672399999996
0.82382689199999992
0.78303481199999991
0.72450083999999992
0.86296610399999996
0.81701860799999992
0.85559644800000001
0.96730452
0.83579308679999997
0.60306455999999997
0.88718044799999995
1.0104225600000001
0.70190231999999997
0.91590718800000004
0.77040440399999999
0.74385696000000001
0.90418717199999998
0.93585827999999993
0.79352666399999994
0.74673311999999992
0.99945467999999993
0.89349514799999996
0.7083283199999999
1.00073484
0.71747339999999993
0.76277392799999999
0.77333323199999993
0.77469646799999992
0.84148977359999999
0.80963618399999993
0.96685595999999996
0.91762708799999992
0.922268172
0.82792533599999996
0.75688846799999998
0.74455247999999996
0.8356706988
0.87089057999999997
0.94253376
0.93729047999999993
0.79066049999999999
0.90940592399999998
0.95500943999999999
0.83498918999999994
0.95629715999999998
0.88675280400000001
0.69736799999999999
0.94767539999999995
0.76664624399999992
0.85384613999999992
0.98801388000000001
0.87431509200000002
0.75665419199999995
0.84700717079999999
0.88765773599999998
1.07599548
0.93880584
0.783722268
0.77587087199999993
0.90768871200000001
0.86801324400000002
0.91045432799999992
0.84220611719999994
0.97772135999999998
0.68655719999999998
0.76895683199999998
0.74084723999999991
0.89310622799999995
0.80354072399999998
0.93629675999999995
0.83454038639999994
0.88407563999999994
0.81538942799999992
0.76186823999999997
0.73735955999999991
0.73371312
0.91417485599999992
0.80366722800000001
0.80792417999999999
1.0400081999999999
0.91337433599999995
0.9324462
1.06834896
0.74071451999999993
0.77557535999999994
0.79002403199999993
1.02655896
0.84607433399999998
0.65674475999999993
0.83830473719999998
0.94072608000000002
0.68439587999999996
0.72204636
0.83740982639999995
0.94843140000000004
0.72671675999999996
0.83719583639999995
0.79454197199999999
0.97322315999999998
0.85656026399999996
0.95204255999999998
0.94384079999999992
0.69931931999999997
0.84995483999999999
0.82675227600000001
0.85174160399999999
0.77579367599999993
0.70436771999999992
0.93638495999999993
0.79914811199999991
1.0100638799999999
0.95480783999999996
0.86843366399999999
0.70736231999999999
0.73317719999999997
0.95739083999999997
0.76164782399999997
0.82278613199999995
0.79790012399999999
0.80661562799999997
0.85962450000000001
0.814784544
0.86068323599999996
0.87823604399999999
0.87512686799999995
0.80628155999999995
0.9323496
0.94041107999999995
0.64334592000000002
0.90792231599999995
0.92868635999999993
0.84618578519999998
0.77699235599999994
0.98118803999999993
0.75234095999999995
0.87550142399999997
0.86881275599999996
0.89754428399999997
0.81870221999999993
0.81309379199999998
0.88116025199999992
0.89865140399999999
0.66338495999999991
0.73828271999999995
0.90066152399999999
1.0013446799999999
0.78605024400000001
0.89246581199999997
0.76895011199999996
0.85435627199999997
0.82144893600000002
0.75931447200000002
0.78875101199999997
0.77439230399999992
0.89310857999999993
0.74636687999999995
0.9907396799999999
0.85570346399999997
0.88887455999999998
0.85433140799999996
0.83527128719999999
0.82447335599999994
0.860124216
0.89492533200000002
0.79131695999999996
0.77778943199999995
0.87384746400000002
0.73432211999999997
0.63886871999999995
0.8378927424
0.82800101999999998
0.81038529599999998
0.82340168400000002
0.78159034799999993
0.79795144799999995
0.67372955999999995
0.95025335999999994
0.68041931999999994
0.81529274399999996
0.81784163999999993
0.89639541599999994
0.871546284
0.82514325599999994
0.91237901999999993
0.83600836199999995
0.90300529200000001
0.95917079999999999
0.94804164000000002
1.0006634400000001
0.80011142400000002
0.82122558000000001
0.74780999999999997
0.96490127999999997
0.88611457199999999
0.79170495600000002
0.88458518399999997
0.87850728
0.70950935999999998
0.88320170399999998
0.8477954352
0.79395766800000001
0.73333344
0.77846336399999994
0.786564492
0.76558456799999997
0.90854475599999995
0.84694443119999996
0.80086775999999993
0.70739003999999994
0.82906353599999993
0.89741618400000001
0.798344736
0.879776436
0.82479381600000001
0.73514027999999998
0.94899924000000002
0.84238354199999999
0.86107811999999995
0.58934651999999998
0.8455149864
0.94044971999999993
0.89115406799999997
0.68034287999999998
0.7661829
0.74259611999999997
0.86777132400000001
0.97610520000000001
0.84464586359999994
0.87968941199999995
1.09074168
0.95995619999999993
0.74604095999999998
0.82065421199999999
0.91942351199999994
0.77867705999999992
0.70070027999999995
0.80954941199999997
0.77869033199999993
0.75300203999999993
0.83100166799999997
0.89831313599999996
0.83983032167999994
0.86927568
0.90464656799999998
0.80038475999999992
0.85283301599999994
0.91380265199999999
0.94753931999999996
0.74932367999999994
0.70691459999999995
0.88375971599999992
0.81904813199999993
0.79376547599999991
0.78824717999999994
0.82201786799999998
0.85992673199999992
0.93025716000000003
0.88737843599999999
0.68659415999999995
0.93884027999999997
0.80199756
0.77024547599999993
0.93952404
0.75859559999999993
0.86861510399999997
0.90318026399999995
1.0371261599999999
0.83647722479999997
0.81185789999999991
0.76304407200000002
0.91470380399999995
0.74431979999999998
0.82248381599999998
0.75972296399999995
0.93766428000000002
0.92482403999999996
0.98310911999999995
0.81741130799999995
0.87382713599999995
0.66129167999999994
0.90308450399999995
0.91048305600000001
0.66564875999999995
0.73901771999999999
0.88292189999999993
0.92036977199999992
0.83493098639999996
0.72810107999999996
0.82005226799999997
0.97603547999999996
0.83850031439999995
0.77020347599999994
0.77858843999999994
0.81323029199999997
0.860727672
0.84681709559999996
0.887019
0.768343212
0.97809095999999995
0.71839235999999995
0.84009666131999994
0.91663244399999999
0.67150524
0.82588951199999994
0.85065447599999999
0.85884833999999999
0.80283629999999995
0.94058328000000002
0.78804423599999995
0.84961371600000002
0.77172001199999996
0.98616839999999995
0.99518664000000001
0.74374775999999998
0.69147203999999995
0.85208331599999998
0.78221009999999991
0.93386915999999998
0.77895426000000001
0.87176544
0.89414304
0.81687740399999997
0.89852179199999993
0.7317534
0.80947565999999993
0.85031469599999998
0.88478552399999999
0.78033530399999995
0.80574295200000001
0.68848668000000002
0.77671834799999995
1.03392408
0.86557220400000001
0.87773842800000001
0.71266691999999998
0.893072376
0.73333092
0.82179560399999996
0.81374168400000002
1.0612971600000001
0.94907819999999998
0.76701046799999995
0.889493808
0.83993564272799992
0.77758505999999994
0.77678117999999996
1.0605587999999999
0.77373013199999996
0.95573604000000001
0.62904071999999989
0.83507598719999998
0.94179623999999995
0.87566530799999998
0.86932129199999997
0.83268589319999997
0.87725618399999994
0.867135192
0.91871421599999992
0.7075613999999999
0.97599179999999996
0.77053468799999991
0.83679790319999992
0.80051764799999992
0.899231424
0.78378342000000001
0.79154804400000001
0.85950849600000001
0.86773999199999996
0.86675307599999996
0.86616087600000002
0.73384499999999997
0.86704909200000002
0.75271559999999993
0.81890768399999991
0.79773884399999995
0.97802795999999992
0.84538757519999996
0.88630936799999993
0.89928409199999992
0.77787023999999994
0.88652642399999992
0.82842454799999998
0.88431831599999999
0.65211467999999995
0.89163698400000002
0.870875124
0.88797609599999994
0.81237113999999999
0.94838687999999993
0.94514867999999996
0.69963599999999992
0.83879266799999996
1.0597876799999999
0.95780328000000003
0.78145082399999999
0.75535151999999994
0.87580861199999993
0.80892235199999996
0.84697914839999999
0.87474189599999996
0.73768884000000001
0.61511519999999997
0.87120667200000002
0.88461323999999997
0.84544575359999996
0.75605535599999996
0.93930563999999994
0.79173427200000002
0.78855277199999996
0.86706647999999997
0.93007655999999994
0.86549803199999997
0.84264488279999994
0.88549339199999999
0.87987782399999992
0.81945066
0.82736287199999992
0.83018980799999997
1.02235308
0.77549337600000001
0.90408637199999997
0.83805922199999994
0.82847612399999992
0.84018251688000001
0.88664772000000003
0.80537990399999992
0.62362859999999998
0.85192514399999997
0.68365667999999991
1.01593464
0.79708221599999995
0.89985529199999992
0.71960363999999999
0.70541688000000002
0.80491336800000002
0.75477527999999994
0.88144081200000002
0.63494087999999993
0.94773503999999997
0.78270141599999998
0.86144142000000001
0.85169901599999998
1.05285432
0.74315387999999993
0.91567509599999997
0.99498251999999998
0.78585359999999993
0.99436343999999999
0.85337431200000002
0.70506575999999999
0.88856081999999992
0.78547055999999993
0.73463963999999993
0.71264087999999992
0.83057755199999994
0.71354724000000003
0.96290628
0.92129956800000001
0.74584103999999996
0.78983687999999996
0.85853812799999996
0.75534227999999992
0.739977
0.80813963999999994
0.90345267600000001
0.79896163199999992
0.81789556799999996
0.84996441599999994
0.91162696799999998
0.88860273599999995
0.82697395200000001
0.66707339999999993
0.77364940799999993
0.83098117199999999
0.84735459479999997
0.90223669200000001
1.03055316
0.85429721999999997
0.87523279199999993
0.76942655999999998
0.81938068799999997
0.78560034000000001
0.83820470159999994
0.78684312000000001
0.90480768
0.88327881600000002
0.87445092000000002
0.82904043599999999
0.66476928000000002
0.82495627199999999
0.85785898799999993
0.71346827999999995
0.79402671599999997
