1.0700219999999998
1.0251676000000001
0.88644999999999996
1.6348599999999998
1.2518695
1.8105199999999999
1.3553504999999999
1.557375
2.3264849999999999
1.5690999999999999
1.7530999999999999
1.8404849999999999
0.78003249999999991
1.6891699999999998
1.4453304999999999
1.6105999999999998
1.8268
1.1784949999999998
0.66824149999999993
1.5177149999999999
1.632225
1.6389999999999998
1.1868439999999998
1.3894875
2.6182749999999997
2.2622799999999996
1.7618049999999998
1.7433449999999999
1.3234519999999999
2.3252949999999997
1.8326149999999999
1.7643499999999999
2.1364049999999999
0.97566074999999997
2.0329549999999998
3.2087599999999998
2.4274649999999998
1.4534729999999998
1.4610924999999999
1.2741974999999999
1.2309999999999999
1.9698699999999998
1.4710064999999999
1.4003895
2.1197549999999996
1.4457589999999998
2.0509949999999999
2.0456099999999999
1.0389010000000001
2.0340749999999996
0.96645669999999995
1.716475
1.4174534999999999
1.6496299999999999
2.2051249999999998
1.6269549999999999
1.9046249999999998
1.3781469999999998
2.0532300000000001
1.4124409999999998
2.35303
1.2831969999999999
1.3103729999999998
2.5061299999999997
1.8727649999999998
1.7907099999999998
0.67394399999999988
2.035345
1.1547774999999998
1.7328999999999999
2.0021450000000001
1.5190049999999999
1.61693
1.3662669999999999
1.2934584999999998
1.435368
2.3193549999999998
1.6932999999999998
1.6858899999999999
2.0196149999999999
2.2053099999999999
2.0625450000000001
1.1855745
2.023765
1.707465
2.8372649999999999
1.7410899999999998
1.2867474999999999
2.0304250000000001
1.5498599999999998
1.9957050000000001
0.96352369999999987
2.4741099999999996
1.0982775
2.63924
2.7003849999999998
1.74396
2.1484100000000002
1.4491959999999999
1.4407654999999999
1.4330794999999998
1.8122499999999999
1.4058609999999998
1.75942
0.63469249999999988
0.8234554999999999
1.1560465
1.940725
1.8943449999999999
0.79430049999999985
1.1022419999999999
2.2784249999999999
2.4873050000000001
2.5393150000000002
1.5584750000000001
1.0902884999999998
2.0625999999999998
1.1244809999999998
0.91754699999999989
1.67482
0.48607
1.4126945
1.487787
2.0562499999999999
2.307385
2.2395100000000001
1.1426239999999999
1.94024
1.7568449999999998
1.478332
1.864735
1.7177349999999998
2.1808399999999999
2.1566349999999996
1.8881699999999999
1.5642649999999998
1.4144074999999998
0.79639349999999998
1.387149
1.8427849999999999
1.4337015
1.2778924999999999
1.8831699999999998
1.6327249999999998
1.70648
1.2686439999999999
2.03599
2.2170399999999999
1.2557864999999999
1.9046749999999999
2.0758799999999997
1.856625
2.1785100000000002
0.99147869999999994
1.4977764999999998
2.1611699999999998
1.9239099999999998
2.079205
0.83801349999999997
2.0559849999999997
1.3018989999999999
1.2846214999999999
1.953535
1.4773669999999999
1.0771465
1.0307018999999999
1.9681449999999998
1.5742749999999999
1.9552799999999999
1.4620784999999998
1.0352142999999998
1.4840334999999998
1.2350589999999999
1.8356999999999999
0.55802399999999985
1.8879999999999999
1.4289274999999999
0.86227249999999989
1.71319
1.3212524999999999
2.6599750000000002
1.7711899999999998
1.9302549999999998
1.6860849999999998
1.92564
1.972515
1.283096
1.90788
2.1051299999999999
2.0625749999999998
1.1624304999999999
1.8099099999999999
1.40618
1.9943749999999998
1.5940249999999998
1.667835
0.99359609999999987
1.7667649999999999
1.4716609999999999
2.2193899999999998
1.7491650000000001
1.4025565
1.7208399999999999
1.104635
1.1428965
1.6893849999999999
1.1404669999999999
2.2505800000000002
1.7988499999999998
2.2528299999999999
2.0918900000000002
1.053167
1.463813
1.5546549999999999
1.7816449999999999
1.3475429999999999
2.61971
2.5121500000000001
1.150396
1.70194
1.93058
2.5606299999999997
2.4920499999999999
1.4603884999999999
1.0416258999999999
1.1800349999999999
2.1453099999999998
1.6257299999999999
1.4559435000000001
2.08087
1.7116400000000001
1.3579194999999999
0.81275549999999996
2.0045849999999996
0.83167049999999998
1.254767
1.991355
1.948115
1.85981
2.2663799999999998
1.9171499999999999
1.8056449999999999
1.9305300000000001
2.3148400000000002
1.7852399999999999
1.5197449999999999
1.6143649999999998
1.8238799999999999
1.9483699999999999
0.96724494999999988
1.1089205
2.0421899999999997
1.61937
1.62466
2.0469749999999998
1.5989450000000001
1.603505
2.3575549999999996
1.6751499999999999
1.7124799999999998
1.4563704999999998
2.3193250000000001
1.3292629999999999
2.011425
1.0851815
1.72316
1.7647599999999999
1.7576799999999999
1.8534549999999999
1.329034
0.97796194999999997
1.6786699999999999
1.5533600000000001
2.5373399999999999
2.0983049999999999
1.712685
2.0068299999999999
1.508165
2.3837299999999999
2.2951649999999999
2.0810849999999999
1.5538699999999999
1.7615499999999999
1.6598349999999999
1.4805629999999999
2.2222849999999998
0.98759029999999992
1.446429
1.1431425
1.6150849999999999
2.6017899999999998
1.4646835
2.0078449999999997
1.2554755
2.8044149999999997
2.15381
2.1739699999999997
2.1313
1.774705
1.3373165
1.3232364999999999
0.99928996499999989
1.4631729999999998
1.4907124999999999
1.602865
1.0977189999999999
1.7121149999999998
1.643875
1.0786529999999999
1.4530844999999999
1.3427884999999999
1.9599849999999999
0.98516114999999993
1.1558384999999998
2.3167599999999999
1.7431950000000001
0.80028999999999995
1.966205
1.7449949999999999
1.060819
1.2366280000000001
2.1597049999999998
1.8933549999999999
2.0615350000000001
1.5740499999999999
1.5974200000000001
2.2061149999999996
2.7182649999999997
1.91526
2.3523449999999997
2.0357750000000001
1.9497100000000001
1.1400569999999999
2.43289
1.4021634999999999
2.1847300000000001
1.5376099999999999
2.0613349999999997
1.2062884999999999
0.35374499999999975
1.0882565
1.4793555
0.93558949999999996
1.6036600000000001
1.5954549999999998
1.0606739999999999
1.6889049999999999
1.52501
1.4578499999999999
1.2245105000000001
2.4217750000000002
1.3974859999999998
1.6023899999999998
1.8591249999999999
2.1365249999999998
1.6232849999999999
2.179065
2.244005
2.4651749999999999
1.4765055
1.6154599999999999
1.0933225
2.0765250000000002
0.59163949999999987
1.1138319999999999
1.2774549999999998
0.49285499999999982
1.8498749999999999
1.0278717999999998
1.5439849999999999
1.2016834999999999
1.0446186499999999
1.8695249999999999
1.8894899999999999
1.9855
1.7214
2.2772600000000001
1.7304550000000001
1.9837349999999998
1.47506
1.9191799999999999
2.3876599999999999
1.5494399999999999
0.92618549999999988
1.6881299999999999
1.2729879999999998
1.78607
1.90124
1.3292539999999999
2.06799
2.0985399999999998
2.1901199999999998
1.9581999999999999
1.80497
1.8442349999999998
1.6885849999999998
2.2202849999999996
1.6529799999999999
1.9348549999999998
1.8272900000000001
0.7677274999999999
1.445398
1.5175649999999998
1.9005099999999999
1.7419249999999999
1.6596249999999999
1.2401959999999999
1.7384399999999998
1.249099
0.95752434999999991
1.4658175
1.9276499999999999
1.3344649999999998
0.86580199999999996
1.1602444999999999
1.9405899999999998
1.2413689999999999
2.8500649999999998
1.5147200000000001
0.82401849999999999
1.3699379999999999
1.4399184999999999
1.0099628999999999
0.99087054999999991
1.8179650000000001
2.2320899999999999
1.459435
2.587685
1.2007289999999999
1.9658899999999999
1.3810264999999999
1.6104599999999998
1.9256150000000001
1.7560799999999999
1.03095005
1.2661829999999998
1.6954050000000001
2.1244550000000002
2.0599749999999997
1.568095
1.87304
2.6460699999999999
1.7876249999999998
1.4200094999999999
0.30637499999999984
2.7735300000000001
2.0813100000000002
2.1212749999999998
0.60410399999999997
1.107993
1.5543199999999999
1.8506999999999998
1.346433
0.7145054999999999
2.28294
1.5587549999999999
1.5689
1.7123599999999999
1.6150699999999998
1.336201
2.48637
2.0102849999999997
1.3475739999999998
1.1792799999999999
2.0686099999999996
1.6649599999999998
1.51065
1.4270319999999999
1.2468204999999999
2.376525
1.591615
2.4937800000000001
2.17543
2.3284799999999999
1.3284235
1.2779029999999998
2.0306549999999999
1.9452349999999998
1.5415999999999999
2.4485450000000002
1.6316099999999998
1.435098
0.59660150000000001
1.4030635
2.219875
1.2573189999999999
2.0425199999999997
2.1671399999999998
1.2671484999999998
1.8229099999999998
2.1451399999999996
1.9070149999999999
1.8049599999999999
2.0651599999999997
2.03247
1.63958
1.6834750000000001
1.819985
1.8766499999999999
1.3966314999999998
1.0879794999999999
1.80566
1.9068399999999999
1.6380349999999999
1.5514250000000001
1.93106
2.0624149999999997
0.84766449999999993
2.2246249999999996
1.9335599999999999
1.1286639999999999
1.8178549999999998
1.75299
1.73055
1.369202
1.3429479999999998
1.4382279999999998
2.2058149999999999
1.2494074999999998
2.1421649999999999
2.319995
2.0931449999999998
2.0510799999999998
0.695187
1.0367403999999998
1.4535939999999998
1.7699799999999999
1.6492849999999999
2.1247549999999999
1.2146014999999999
1.4670554999999998
2.1056999999999997
0.76972999999999991
1.3126585
1.9228299999999998
1.5979449999999999
2.33413
0.43886500000000006
1.8153649999999999
1.428852
1.4170569999999998
0.99690269999999992
1.1308084999999999
1.1715179999999998
1.2256955
1.1816749999999998
1.3169789999999999
2.7439
1.5413950000000001
1.62446
1.9849399999999999
0.80484299999999998
1.84497
0.96256579999999992
1.8628649999999998
1.85182
1.0759664999999998
0.77108099999999991
2.0336049999999997
1.4407449999999999
1.8771999999999998
1.3076464999999999
2.18906
1.8593449999999998
1.7295199999999999
1.8522049999999999
2.007355
1.7459699999999998
1.6776149999999999
1.9657800000000001
2.4025449999999999
1.9995749999999999
0.80382199999999993
2.25685
2.4651999999999998
1.3802204999999999
2.84137
1.9885199999999998
2.0051249999999996
2.0780250000000002
1.5402899999999999
1.0963324999999999
2.0258050000000001
1.0335480499999998
1.3403719999999999
1.2878185
1.7665500000000001
1.5966449999999999
1.0210201999999999
1.0140143500000001
0.86252099999999987
1.3730894999999999
1.8578799999999998
0.93510099999999996
1.4232339999999999
2.2848999999999999
1.3296729999999999
2.4945399999999998
2.08548
1.2852104999999998
