0.68063651999999997
0.60617821599999999
0.37590699999999999
1.6182675999999998
0.98250336999999999
1.9098632
1.15428183
1.4896425
2.7663650999999998
1.5091060000000001
1.8145459999999998
1.9596050999999999
0.1992539499999999
1.7084222
1.3036486299999999
1.577996
1.9368879999999997
0.86070170000000001
0.013680890000000057
1.4238069
1.6138934999999999
1.6251399999999998
0.8745610399999999
1.2109492500000001
3.2507364999999999
2.6597847999999997
1.8289963
1.7983526999999999
1.10133032
2.7643896999999997
1.9465408999999998
1.833221
2.4508323000000001
0.5239968450000001
2.2791052999999999
4.2309416000000004
2.9339918999999997
1.3171651799999999
1.3298135499999999
1.0195678500000001
0.94785999999999992
2.1743842
1.3462707899999999
1.2290465699999999
2.4231932999999999
1.3043599399999999
2.3090516999999999
2.3001125999999998
0.62897566000000005
2.2809644999999996
0.50871812200000011
1.7537484999999999
1.2573728099999999
1.6427858
2.5649074999999999
1.6051453
2.0660775
1.1921240199999998
2.3127617999999996
1.2490520599999999
2.8104297999999996
1.0345070199999999
1.0796191799999999
3.0645758000000001
2.0131899
1.8769785999999999
0.023147040000000008
2.2830727
0.82133064999999994
1.7810139999999999
2.2279606999999997
1.4259482999999999
1.5885037999999998
1.1724032199999999
1.0515411100000001
1.28711088
2.7545292999999997
1.7152779999999999
1.7029774
2.2569609000000002
2.5652146
2.3282246999999998
0.87245366999999996
2.2638498999999999
1.7387918999999998
3.6142598999999995
1.7946093999999999
1.0404008499999999
2.2749055
1.4771676
2.2172703
0.50384934199999987
3.0114225999999995
0.7275406499999999
3.2855384000000001
3.3870391
1.7993736
2.4707605999999998
1.3100653599999998
1.2960707299999998
1.28331197
1.9127349999999999
1.23812926
1.8250371999999999
-0.042010450000000032
0.2713361299999999
0.82343719000000004
2.1260034999999999
2.0490127
0.22293882999999992
0.73412171999999998
2.6865854999999996
3.0333262999999997
3.1196628999999998
1.4914684999999999
0.71427890999999988
2.3283160000000001
0.77103845999999998
0.42752802000000001
1.6846011999999999
-0.28872379999999986
1.24947287
1.3741264199999998
2.3177750000000001
2.7346591
2.6219865999999996
0.80115583999999984
2.1251983999999999
1.8207627
1.3584311199999999
1.9998600999999998
1.7558400999999999
2.5245943999999998
2.4844140999999995
2.0387621999999999
1.5010798999999999
1.2523164499999999
0.22641321000000003
1.20706734
1.9634231
1.2843444899999998
1.02570155
2.0304621999999997
1.6147234999999998
1.7371567999999999
1.0103490399999999
2.2841434
2.5846863999999998
0.98900558999999999
2.0661604999999996
2.3503607999999998
1.9863975
2.5207265999999997
0.55025464200000007
1.3907089899999998
2.4919421999999996
2.0980905999999999
2.3558802999999999
0.2955024100000001
2.3173351000000002
1.06555234
1.0368716899999999
2.1472680999999998
1.3568292199999998
0.6924631899999999
0.61536515400000003
2.1715206999999999
1.5176964999999998
2.1501647999999998
1.3314503099999999
0.62285573799999994
1.3678956099999999
0.95459793999999998
1.9516619999999998
-0.16928016000000001
2.0384799999999998
1.2764196499999998
0.33577234999999983
1.7482953999999999
1.0976791499999998
3.3199585000000003
1.8445753999999999
2.1086233000000001
1.7033011
2.1009623999999998
2.1787748999999996
1.0343393599999999
2.0714807999999998
2.3989158000000002
2.3282744999999996
0.83403463
1.9088505999999998
1.2386588000000001
2.2150624999999997
1.5504814999999998
1.6730061000000001
0.55376952599999996
1.8372298999999999
1.3473572599999999
2.5885873999999998
1.8080139
1.23264379
1.7609944
0.73809409999999998
0.80160819000000005
1.7087790999999999
0.79757521999999992
2.6403628000000001
1.8904909999999999
2.6440977999999999
2.3769374000000001
0.65265722000000004
1.3343295799999999
1.4851272999999998
1.8619306999999998
1.1413213799999999
3.2531185999999996
3.0745689999999999
0.81405736000000006
1.7296203999999999
2.1091628
3.1550457999999999
3.0412029999999999
1.32864491
0.63349899399999998
0.86325810000000003
2.4656145999999999
1.6031118
1.3212662100000001
2.3586442000000001
1.7457224
1.1585463699999998
0.25357413000000006
2.2320110999999998
0.28497303000000018
0.98731321999999999
2.2100492999999997
2.1382708999999998
1.9916845999999999
2.6665907999999998
2.0868690000000001
1.9017706999999999
2.1090797999999999
2.7470344
1.8678983999999998
1.4271767
1.5842459
1.9320408
2.1386941999999998
0.51002661699999985
0.74520803000000002
2.2944353999999998
1.5925541999999999
1.6013355999999999
2.3023785000000001
1.5586487
1.5662183000000001
2.8179412999999998
1.685149
1.7471167999999999
1.3219750299999999
2.7544794999999995
1.11097658
2.2433654999999999
0.70580128999999991
1.7648455999999999
1.8339015999999999
1.8221487999999999
1.9811353
1.1105964400000001
0.52781683700000004
1.6909921999999999
1.4829775999999999
3.1163843999999998
2.3875862999999997
1.7474570999999999
2.2357377999999999
1.4079538999999999
2.8613917999999998
2.7143739
2.3590010999999995
1.4838241999999999
1.828573
1.6597260999999999
1.36213458
2.5933930999999997
0.54379989800000006
1.30547214
0.80201655000000005
1.5854410999999999
3.2233713999999996
1.3357746099999999
2.2374226999999998
0.98848932999999994
3.5597288999999996
2.4797245999999999
2.5131901999999999
2.442358
1.8504102999999998
1.1243453899999998
1.10097259
0.56322134189999984
1.33326718
1.37898275
1.5651558999999999
0.72661353999999989
1.7465108999999999
1.6332325000000001
0.69496397999999981
1.31652027
1.1334289100000001
2.1579750999999998
0.53976750900000003
0.82309190999999993
2.7502215999999997
1.7981037
0.23288140000000013
2.1683002999999998
1.8010917
0.66535954000000008
0.95720247999999997
2.4895103000000001
2.0473692999999997
2.3265481000000001
1.517323
1.5561172000000001
2.5665508999999997
3.4167198999999999
2.0837316000000001
2.8092926999999999
2.2837864999999997
2.1409186
0.79689461999999989
2.9429974000000003
1.23199141
2.5310517999999997
1.4568325999999998
2.3262160999999999
0.90683890999999994
-0.50838330000000043
0.71090578999999998
1.3601301299999999
0.45747857000000014
1.5664756
1.5528553
0.66511883999999988
1.7079822999999998
1.4359165999999999
1.3244309999999999
0.93708742999999994
2.9245464999999999
1.2242267599999999
1.5643673999999999
1.9905474999999999
2.4510315
1.5990530999999999
2.5216479000000001
2.6294483
2.9965904999999999
1.3553991299999999
1.5860635999999999
0.71931535000000002
2.3514314999999999
-0.11347843000000002
0.75336112
1.0249752999999999
-0.27746070000000023
1.9751924999999999
0.61066718799999986
1.4674151
0.89919460999999989
0.63846695899999983
2.0078114999999999
2.0409533999999998
2.2003300000000001
1.761924
2.6846515999999996
1.7769553
2.1974000999999999
1.3529996
2.0902387999999998
2.8679155999999999
1.4764704
0.44186792999999991
1.7066957999999999
1.01756008
1.8692761999999998
2.0604583999999999
1.11096164
2.3372633999999999
2.3879763999999999
2.5399991999999996
2.1550120000000001
1.9006502000000001
1.9658301
1.7074510999999999
2.5900730999999997
1.6483467999999999
2.1162592999999998
1.9377013999999999
0.17882764999999989
1.3037606799999999
1.4235579
2.0592465999999998
1.7959955000000001
1.6593774999999999
0.96312535999999993
1.7902103999999999
0.97790434000000004
0.49389042099999991
1.33765705
2.1042990000000001
1.1196118999999998
0.34163132000000007
0.83040586999999988
2.1257793999999999
0.96507253999999998
3.6355078999999995
1.4188352
0.27227071000000014
1.1784970800000001
1.2946647099999999
0.58093841400000001
0.54924511300000001
1.9222218999999998
2.6096693999999996
1.3270621
3.1999570999999998
0.89761013999999995
2.1677773999999999
1.19690399
1.5777635999999999
2.1009209000000002
1.8194927999999999
0.615777083
1.0062637800000001
1.7187722999999999
2.4309953000000002
2.3239584999999998
1.5074376999999999
2.0136463999999998
3.2968761999999998
1.8718575
1.2616157699999999
-0.58701750000000019
3.5084597999999998
2.3593745999999998
2.4257165000000001
-0.092787359999999985
0.74366837999999991
1.4845712
1.9765619999999999
1.1394787800000001
0.090479130000000074
2.6940803999999998
1.4919332999999999
1.5087740000000001
1.7469175999999997
1.5854161999999998
1.1224936599999999
3.0317742000000001
2.2414730999999999
1.1413728399999998
0.8620047999999999
2.3382925999999999
1.6682335999999998
1.4120789999999999
1.2732731199999998
0.97412202999999986
2.8494314999999997
1.5464808999999999
3.0440747999999997
2.5156138000000001
2.7696768
1.1095830099999999
1.0257189799999999
2.2752872999999996
2.1334900999999999
1.4634560000000001
2.9689847
1.6128725999999998
1.2866626800000001
-0.10524150999999993
1.2334854099999999
2.5893924999999998
0.99154953999999995
2.2949831999999999
2.5018523999999998
1.0078665099999999
1.9304305999999998
2.4653323999999999
2.0700449000000001
1.9006335999999999
2.3325655999999997
2.2783001999999999
1.6261028
1.6989684999999999
1.9255751000000001
2.0196389999999997
1.2228082899999999
0.71044596999999987
1.9017955999999998
2.0697543999999999
1.6235381
1.4797655000000001
2.1099595999999998
2.3280088999999999
0.31152307000000001
2.5972774999999997
2.1141095999999999
0.77798223999999994
1.9220392999999998
1.8143634
1.7771129999999999
1.1772753199999999
1.1336936799999999
1.2918584799999999
2.5660528999999999
0.97841644999999988
2.4603938999999997
2.7555917000000001
2.3790206999999999
2.3091927999999999
0.058410420000000185
0.62538906399999994
1.31736604
1.8425667999999999
1.6422130999999998
2.4314933000000001
0.92063848999999986
1.3397121299999999
2.3998619999999997
0.18215179999999997
1.08341311
2.0962977999999999
1.5569887
2.7790557999999996
-0.3670840999999998
1.9179058999999998
1.2762943199999999
1.2567146199999999
0.55925848199999995
0.78154210999999996
0.84911988000000005
0.93905452999999994
0.86598049999999993
1.09058514
3.4592739999999997
1.4631156999999999
1.6010035999999999
2.1994004
0.24043937999999998
1.9670501999999999
0.502259228
1.9967558999999999
1.9784211999999999
0.69050438999999997
0.18439446000000004
2.2801842999999997
1.2960366999999999
2.0205519999999999
1.07509319
2.5382395999999998
1.9909127
1.7754032
1.9790602999999998
2.2366093
1.8027101999999999
1.6892408999999999
2.1675947999999998
2.8926246999999998
2.2236944999999997
0.23874452000000002
2.6507709999999998
2.996632
1.1955660299999999
3.6210741999999998
2.2053431999999997
2.2329074999999996
2.3539215000000002
1.4612813999999998
0.72431195000000004
2.2672362999999995
0.62008976299999996
1.1294175200000001
1.04217871
1.836873
1.5548306999999999
0.59929353199999991
0.58766382100000003
0.33618485999999992
1.18372857
1.9884807999999998
0.45666766000000014
1.2669684399999999
2.6973339999999997
1.1116571799999999
3.0453364000000001
2.3662967999999998
1.0378494300000001
